9.922179 8.037801 
0.1758748 0.1354065 
2.89951 0.08214639 
0.9164154 1.644118 
3.508505 0.3566556 
2.846135 0.8205353 
0.3885168 4.446997 
2.314233 0.006939343 
1.378645 1.726391 
2.337935 0.1865049 
1.550751 2.939459 
0.08555739 2.924411 
2.09168 1.352078 
0.1437075 6.122168 
0.1144368 5.420559 
10.07495 0.9671246 
1.585676 1.984553 
1.092018 1.553408 
0.9936022 6.246095 
0.4340567 2.632811 
5.831647 2.14984 
3.43827 4.3224 
0.08667565 3.244174 
1.745226 4.544279 
3.72639 1.363063 
0.503985 0.9331241 
2.916543 0.5468558 
12.97953 0.8603815 
1.796876 2.540228 
0.9132237 11.14949 
2.477738 2.100313 
0.9036176 2.870186 
0.8388952 1.233082 
3.264079 0.5185807 
3.650193 1.183802 
1.075596 2.615215 
0.08265984 5.72164 
2.397474 3.331346 
0.824561 6.435522 
0.5390914 8.102394 
0.3791438 9.669114 
0.07502438 0.6364362 
1.658394 0.9647235 
1.777202 2.491937 
5.255278 0.9524434 
1.960591 0.8775855 
1.423569 0.469345 
0.15189 1.238939 
0.4326985 0.2234645 
0.6739716 0.4411636 
4.047847 1.359262 
2.14597 4.99362 
4.04116 3.013333 
1.927879 3.475707 
2.001609 1.614341 
0.2002922 4.977264 
0.6701252 1.092278 
0.3327087 0.5502725 
1.292158 5.155607 
1.313155 2.953666 
1.9154 1.352603 
1.282799 8.946889 
0.4745141 1.903857 
0.248391 6.341782 
1.1212 0.1756659 
0.5798971 5.67599 
0.9753507 0.8017313 
1.019251 5.730997 
0.0934262 0.4549556 
1.329625 13.80944 
0.5256476 0.06368922 
1.289909 2.07517 
3.410785 7.505922 
2.957129 3.968909 
8.2226 0.03317137 
0.7233106 5.280436 
1.322641 0.03192702 
0.2630247 2.448872 
1.406204 3.676713 
1.176278 0.3987307 
1.584899 2.061165 
4.075061 4.582981 
0.9848967 4.007311 
6.838607 10.57053 
3.417697 1.015324 
2.015846 3.581756 
2.337217 3.743745 
2.216968 5.516672 
1.553544 0.4376859 
3.140246 0.7021204 
1.038622 2.250296 
0.217269 9.487775 
0.5496282 2.621096 
2.346899 1.375 
0.7162675 2.140847 
3.421755 4.560915 
1.205002 0.3496234 
0.03563977 1.749092 
1.058067 1.403383 
2.882232 8.019016 
